144635765
144640256
75942205
76638839
121992455
104289402
104455565
104455959
104456669
104457934
104458419
104468848
104471232
104472978
104475799
104476045
104479504
104482639
104485627
104493148
104499887
104500171
104503743
104506358
104508630
104513998
104514019
104524265
104528894
104544324
69036458
92947893
143309895
144453077
106330713
104449359
104450117
104513129
104514957
104515281
104515956
104516955
104518150
104521777
104576758
104577078
104580473
104753234
104759492
104760453
104761071
104764347
104769720
104779744
104792661
104795376
104802220
104805044
104807121
104807701
104816624
104841176
104844865
139735379
132455194
65333473
71197577
73618018
170542691
163903728
163909769
135256892
135277120
135278360
135281545
135374406
135397640
47416167
47782221
72007849
75038473
75840002
75856779
79680102
63581602
108809895
108892178
108895287
112362018
153350480
69925027
70498288
81446572
146301413
146301665
146307759
146315183
146316631
146318949
146320594
146933122
147063468
147386368
147386428
147386605
147396402
147535145
147550734
147575651
147827062
147827132
147828921
147830338
147846847
147851054
147855264
81805810
81805935
85213897
114399146
90259530
90379330
90380516
90409131
90507738
90515028
90663021
90813341
91068541
91195555
91263988
91696697
91938428
92123397
92130094
92146408
92203145
92226796
92235025
92283347
92376889
94568492
96162171
98440132
109713248
112194397
112725137
113185980
125549446
125353663
173598575
126094144
128087993
128974184
101080722
119838324
124920529
127658820
178734196
72188575
72188587
72195363
72258112
72263829
72264682
72280594
72283337
72284098
72309278
72311145
72366037
72589601
72930520
156778296
74536690
74536727
107613962
149454676
170334198
170460255
89591327
89870842
41617550
146082064
146086229
146095421
146199954
146322563
146451917
146458555
146472157
146541218
146541653
120596572
120597302
120624300
120638303
120742567
120771484
121100989
121628238
123703758
123703812
123703868
130169033
132104603
139162996
127920420
105491874
105713518
69170417
69173367
69176374
69186799
69187337
69200139
69211294
69233946
69270561
69346863
69404306
69451407
69452831
69458822
70149927
70574069
74248578
75573245
76538380
76733471
77087060
77862761
80866594
112659712
112659765
156157051
147766638
148933681
94758757
94867728
152867391
168990821
168990858
130241430
130242216
68932653
68939057
69457937
69512990
69869154
69885147
69970628
70152968
70157926
79407160
125731120
125757279
125904216
125947851
125949778
126016369
126045327
126694396
126757312
127021424
127721836
131010915
78015965
80562064
133386264
150519211
150544504
148592052
132297639
114604419
114604940
114933120
115906478
128329331
152745184
152747768
152748221
152763441
152766033
152770558
152772337
152774896
152788835
152802676
152809332
152816445
152825847
152836168
152848266
152850922
152853114
152866922
152878034
154045698
154409706
45255109
145619010
145687000
145707845
145739604
145747177
145750403
145750898
145758496
145762560
145763824
145769660
145776647
145804138
145809728
145813526
145816427
145819966
58297826
58318989
58338783
58391995
58407942
63575071
58161746
58176396
58188628
58192683
58192828
58210239
58212474
58213196
58225918
58227096
58228311
58230072
58234881
58245074
58251310
58265047
58277783
58279685
58068116
58071794
58072286
58073733
58085654
58091782
58091984
58098396
58098417
58102389
58102604
58104970
58110749
58111945
58113119
58113243
58128399
58137030
58139380
58148086
58148726
58149877
58151118
58153187
58154920
58156324
133445258
150911564
124496431
124503445
124547942
158435322
47564600
146108787
121005104
131478518
131478629
131209062
136930020
162165965
90829039
146250566
146329327
146376305
146694168
149953537
153800756
167221065
174232920
152996526
153004210
153005581
153011361
153014435
153016123
153025727
153029591
153045991
153073748
153080523
153290691
153308167
153310010
153326824
153364691
153418762
153442164
153461684
153464574
167209479
167210852
167214027
167219276
167219546
167224431
167228918
167248256
167255155
167256111
167286739
167287178
167291236
167292326
167302519
167309790
167311859
167321748
167331035
167333426
167341112
167356382
167364101
167386309
167386720
167389466
167395329
167398204
167412118
167427038
167439757
167439790
167455879
167465514
167477296
167480908
167484388
167485936
167486838
167487206
167499421
167515630
167516525
167518696
120450044
120504310
121176908
121934862
122645478
123637201
124082704
124160774
124186804
124196333
124204853
124262499
124262536
124280880
124426361
124690273
124700193
125115282
125815997
104455345
63339367
66355824
66411189
66430008
66495496
66495712
66793110
74646780
74646833
102614135
74678332
74864150
59709450
63155807
131311347
146535351
130599766
131068721
131733770
132497931
132501331
145430237
146063179
128024877
54601365
151775999
135267439
145170529
145210718
160915127
51263205
146104493
146123753
146157472
114168621
114219907
115000919
115903295
116646212
116931522
116942099
119897938
162541501
65371675
62493215
65328005
65336584
75933704
110823566
53124425
53127547
53131489
53135902
53136298
53143797
53145045
53145131
53150767
53755599
53774097
54069641
54070828
54081885
119919358
101155458
101156967
101158151
101189208
89865000
89866454
89917648
90009872
90014032
90022955
90025735
90034373
90036611
90039477
90043158
90044976
90045113
90056509
90057302
90150599
90160206
90185025
90188240
90192258
90201659
90203967
90206325
90215763
132257750
132341711
132832326
134608724
135037612
135722780
138395606
139020567
139020873
139867002
147406287
45757041
50461320
89714896
89730689
125544948
125656712
134174612
146993748
43765324
150807176
150825808
150826590
150828525
150828784
150831345
150833765
150837842
150840296
150843218
150852558
150861022
150862960
150879052
150879905
150947342
150962237
150969778
150975871
150983166
150992362
150995686
151006366
151006526
151026560
151042401
151060524
151075716
151079311
151079378
151079527
151085240
151099114
151104225
151104305
151136505
151140937
151143526
151181823
151184109
151192511
151199390
151209768
151237971
151244299
151270121
151340021
151481399
151576932
151595554
151641860
151840826
151853356
151922509
152015525
152038948
152102008
152131319
152185784
152309798
40269893
40296310
40301806
40352990
40381642
49250899
57734451
158260819
102903073
103036037
105281817
106906041
109338173
109427673
109502308
109587525
110256672
111572113
111572278
119158259
152182107
182059692
53588472
73883935
74810610
74877993
75844151
77904646
79766586
79766684
93280295
144945210
144946542
148616887
151900305
152964379
57934785
150485026
57246152
110561946
49928864
51939208
51244652
52542295
146777679
146879642
130938855
101085768
101309123
124143782
63002862
150753643
151540977
151541069
151541141
54075903
49250849
149726627
154919695
147298996
147337908
147149345
147175431
151251245
127189058
127192835
127192957
163291239
152945682
153077264
168544011
130413555
142210214
144501445
144502122
144506601
144520598
167462975
167469109
167482995
151544474
156406213
175438396
86933165
86933988
86934101
86934451
87034398
157153719
157179415
69366404
69366635
69592548
70073975
70974741
71731519
109032147
108021374
108030139
108071704
108073960
164777595
164780035
164792340
164793867
164795035
164804731
164823166
164826608
164837609
164840888
164996893
165020302
165025159
165040642
130780383
153104562
153105101
167830446
152348695
153827353
148494809
148582926
148708000
156511441
133712275
139337020
174690050
100898774
150719778
130223601
130904067
143800989
108517083
151314856
131258411
132776114
134840567
152311441
136573843
136573956
136574077
103042539
130304241
130305340
130307146
130319838
150544831
150545223
150546897
147354381
147359976
147513648
147514289
147520342
147520963
62341557
131076906
131082824
131084228
131084975
131092059
131100057
131101643
131112461
131115674
131115896
131115927
131150584
131157473
45401553
112159910
112160005
112160204
112160843
112161523
112164157
112164633
112169830
112169891
112170035
112170342
118207776
118208778
118217753
118546779
118568468
119078708
119167447
119223844
119225900
119226467
119227219
119228153
119235562
119238047
43571659
43572081
62714348
108282800
108284592
108288705
108290774
108291241
108300121
108300639
108301568
108302378
108307066
108311610
108315136
108315558
118373931
118375686
118539091
118541185
118541688
118569176
119081975
119149620
119164350
119192332
148216719
148223379
148238180
148249893
148321654
148566917
148606881
148962534
149059345
149113371
149174338
149279086
150631305
151466022
152856314
152988145
155244043
157007629
169186125
94685275
94685364
94697443
43909318
131074667
131075894
131076914
131089366
131090112
131095419
131098676
131098911
131103235
131110656
131118617
131121122
79094058
84734541
90374889
87066828
88616295
88785303
105202705
105204006
105234059
106766280
106766832
69934830
69994588
87439305
87667533
88860344
90838034
93965040
93965589
95262439
95368402
95448222
95545319
95694203
95866644
95868668
96999384
97083223
97432670
97673800
97815700
97858833
97865426
97872136
97875349
158555168
112826453
114288379
126102937
134677460
90434826
120194488
120220348
120344164
122247411
158662809
105991090
78759279
78759547
78769772
78770157
78787160
78873455
82397154
86566522
90112509
92210681
101741404
123639495
110156518
114979918
54581216
54707336
55232810
55421304
61755035
107345939
107946773
161988035
161988287
161991636
161992258
161997903
162011332
162011948
162013139
162013461
121486765
89562243
89569516
89912520
92254400
87741533
87741595
87742851
87742868
87743374
87743774
87746477
87748155
87750177
87751283
87752438
87752459
87754078
87755025
87758313
87760092
87762693
87764012
87764366
87770729
87776110
87780212
87786773
87789318
87794689
87807546
87811062
87814659
87820442
87841866
87842871
87857457
87878025
87893337
87896634
87898060
87909338
87956351
83846570
83847723
80543211
80571098
82746632
151739260
110673270
73842557
73842596
73843780
73844509
73845230
73846153
73859940
73864584
73865505
73878563
73878827
73878914
73902815
73906162
73910194
73913613
73915617
73916935
73920823
73948759
73955101
73961372
73961861
73961921
73962842
73969272
73969999
73970283
73972338
73973410
73974288
74178206
74245463
74488635
74779863
74796241
74949356
74970128
75062019
75145290
75190941
75254133
75258198
75283421
75292195
75294751
75303981
75316719
75328879
75393035
75397277
75403120
75405334
75409816
75448781
75463706
75467920
75486175
75598054
75670084
75679497
75763603
75791997
75873453
75894291
75927408
127828405
152569098
156180827
165509286
166622313
171011012
106471540
106537577
102894096
166997832
107194947
60414926
61311752
61543609
67412727
67412770
67412928
67415149
67418835
67418889
67420750
67422620
67423667
67424525
93340095
103118339
115366516
122182944
143448457
92335580
93315753
93769261
70469286
81600570
105261539
147794534
62631803
138174738
45978567
142379726
128771622
130208852
131032602
134750691
62988755
63053206
63053474
132943613
134276527
134276662
134708765
135691363
136377135
140484792
117098929
40507362
65544166
63029923
81071008
113026877
45007726
45023108
53733397
59353223
119262420
121028165
86025968
86113792
86165338
87487146
124127546
114221059
114221265
114223537
114225444
114225564
114225799
114227008
107195522
107195588
107195661
107267057
87121130
54042192
58270722
147301300
53807979
53808253
53808381
113848366
113980590
104418432
130326258
76054856
94309968
93974691
93976208
93978071
93980025
93995286
94691216
106540056
126723639
141913071
147265040
147925732
147951729
148006759
148413138
148477236
47943957
98140484
98171072
104400808
114260618
131512632
102258917
102262164
102280120
102285889
102456200
102896039
102990448
103012397
104729040
106059738
120488907
120489226
113728976
113781371
113790366
114320070
114320298
115542711
115543434
115546298
115571500
115573979
116200579
116203170
116267940
116419282
73778398
74399000
81668819
83623417
93097615
68451898
97926838
98611796
99685980
100045020
101473091
102875570
102942946
104130855
104662213
104836580
107987126
112366861
114585912
152702077
68002229
118737556
118976562
55122636
150099793
135555912
135563921
135606268
135606322
135649763
157836391
68353888
68359890
68359925
68429100
72030145
72030343
72465032
174592341
116644309
105592344
136181582
39863796
39864253
39864281
48211562
140550547
140553340
140683431
141855808
142846661
146409943
47849584
47849589
47852347
47959236
47962990
47966854
48184575
50622749
153259938
160629893
118574278
118576657
118577873
118699659
118741584
118745754
118746214
118746686
135038113
115499649
115577589
116298291
116298307
116336072
117503011
118099852
121614720
128407165
128407290
128407635
128407872
128408310
130804579
147897240
118848460
84200432
92564488
108999993
109000073
119498573
119498601
119520179
119924439
121444488
127436711
128034777
128139561
136579147
137095433
79831102
173054735
45435249
124228917
124863190
117613375
151180181
61738889
62005108
78833297
79024958
79820781
79820942
85237131
93797288
93810840
93811616
93834537
93856910
93876498
93897448
93903197
93911783
93974386
94011054
94027241
94117050
94117210
94124722
94130418
94170772
94184794
94201413
94220646
94221288
94265547
94270272
94344278
94358290
94394711
94406185
94409939
94418717
94432038
94434848
94436964
94457522
94482012
94487563
94489610
94489675
94499484
94523796
94567760
94596251
94623081
94643634
94644448
94681821
94720153
94755883
94765935
94776982
94839537
94971323
95055629
95083955
95105938
95116369
95218440
95228287
95317882
95348203
95367846
95425226
95432440
95476227
95523128
95621411
96161168
96329012
96509949
97140750
97554235
97671672
98478018
98515878
98811640
99782579
99889888
100679367
101012283
103445443
103957732
104021597
105458954
84036154
145700589
112184025
112273912
112717910
146449599
109821658
98573019
136648120
110478609
72904548
72905874
72905883
72906666
72909714
140108062
121799484
45901813
47106631
49092318
105734874
106055463
81897334
81979202
82065283
90247607
76004601
73422934
87182476
78636851
78653616
80022547
72802311
72802497
72860641
72959953
72960069
72988456
72988479
72988528
73351519
78665960
57133622
57343824
49324893
50132133
79704010
79705026
79716243
79719991
79726285
79751864
79759561
79761771
79764745
79766515
79767537
79858574
79987052
79990145
80471682
80633715
80744136
81268950
81343051
81453923
81529465
81732143
81891958
82181046
82421638
82488523
82492829
82495951
82526360
82537119
82540421
82541484
82542835
82557731
82576444
82579655
82606595
82610829
82616085
82626681
82713791
82735001
82771418
82801645
82808909
82826948
82850380
82872948
83012886
83276611
83400331
83560076
86983665
87013848
87211201
87236425
87343910
87430533
87480397
146771369
42587559
42588866
42592238
110977427
70065951
70978273
70979253
70979761
70980235
70984187
65671512
62098374
62321045
62445595
63018859
63884599
64350767
58277888
58316964
58319558
63885068
106533585
88144587
88150741
88152499
88157896
88161356
88161685
88164411
88167141
88177670
88212924
88475566
88481445
88487334
88671409
88838241
88844439
88957914
88966164
89077116
89102502
89115863
89222973
89227980
89280797
89306934
89375090
89385315
89792127
89965261
90007532
90580371
90604111
115014819
120670127
120670228
120670246
120671450
60977549
60977582
73109076
89980167
94584339
98654166
106355901
106986998
111925571
113442764
114770992
123727817
129647496
132590746
132975234
140480471
152272273
156195880
158197460
178599390
50655926
51989375
52816137
56877268
60019583
60345467
113782481
104832020
108016305
110188968
131523005
131879923
136446608
136543212
145061036
70264774
71140606
71645641
75072033
98170012
98185222
98185250
98205097
98284806
100466903
109490751
114195840
114247924
90008703
93429249
93536986
93645842
93651385
93937688
94145552
94360374
94363965
94410641
94431396
94431513
94520940
69188615
56902104
103143198
103772980
104637829
104650309
108420337
108917966
140946249
141286202
149005756
103252973
103253191
52899448
118941910
102198537
104353775
129918302
160751649
42380189
43898071
45115892
71177070
71279218
71281776
71286567
71291507
71633080
72047311
72162246
84871804
53399440
53439771
60401635
60448726
142684728
156236578
176031829
81435609
81469842
81471947
81474300
81499540
81503276
81503408
81517524
81530809
81531030
81537141
81626273
81696192
81711967
81712042
81718126
81796047
81800464
81819084
81904480
82435573
53802637
80435492
80487856
84647345
90625377
107693544
107789948
107790282
107843692
50564631
53892022
63785744
83154235
105011782
105015092
105025745
58749971
58821691
104597390
112061381
117262788
101869938
114070942
49957999
50615791
50790226
51312847
52738514
60084761
54144150
164768304
113473024
87207401
87644655
87648291
87727130
46177570
46178208
46179468
46181711
46184915
46185942
46188618
46194189
46198354
46202244
46210971
46247995
46259025
46262682
46265806
46271497
46275985
46288775
46290783
46292188
46306771
104249251
104257482
104268933
104301910
104313606
104669576
105060770
106466391
128477237
152944297
169468527
154559145
102593543
102751291
79572585
47082184
47082372
47101892
47114701
47202054
47345234
47345266
47611489
47798944
48732189
49481295
55543809
71318147
82341788
83076678
83578708
118638407
118720068
106390762
106392905
59088294
59091226
59092911
59105353
59108186
59108680
59116941
41306570
41339189
41478306
41494816
41576108
42081003
67591713
67595332
67596019
67785814
67869144
67874796
67879246
67889384
67891894
67920844
67931197
67992127
68009480
68071612
68826561
45149025
92332845
92333387
116965234
116989650
116989879
116990146
117002136
117058545
117058764
117412324
117416863
117417042
117418721
117420095
117421291
117421501
117425080
117430489
119414286
123859516
129569273
130057312
141565669
88768112
88770070
88790117
88859208
90539011
90539185
93979741
94554970
124336509
125510080
72392733
77055990
77056097
77056254
78541627
81093778
113745010
115262142
124423928
105413846
105422575
105433607
105531724
108904050
60089244
61693018
95525067
95533234
95543606
95586078
97540782
145555693
148082064
155321460
159108376
162180789
182741135
71555880
71559431
71878930
71954521
71822111
71988529
68472858
107115759
115181288
99951718
144348559
144825770
144999480
146216007
149526767
149571799
70201576
70205003
70214427
70223177
70236093
70279510
70410008
70411666
52052171
49138658
49889336
50410166
93833121
85829729
85839833
85840163
85847339
85906096
87640770
37580917
41650150
41844299
48855334
49332787
49513731
49514512
49519216
49519505
49521913
49536598
49745337
49747198
49747673
49749171
49750314
49759061
49759260
49759460
49759698
49759725
49762434
49766685
74245097
74246448
77586774
77587039
77592383
77732161
77736678
83986041
83989446
84043801
42020789
67802767
67839579
67847427
67848610
67882112
87239023
72920588
56724028
66800581
67754683
68044206
113783156
113818970
113827484
101420599
113701339
113708580
113714164
113732270
114057705
104002932
104003009
73617470
79720540
82796961
85555744
91229696
108324206
108325398
108326670
108326726
108332832
108523400
110135900
104001266
104004011
104064083
104096083
127194425
138405061
117403839
117403867
117404051
103602739
77747315
154936347
73481310
73481311
73568344
92026820
110357969
100681858
82831541
122910173
66352005
82286133
85222182
85238986
85276153
116265976
116460034
116865206
166347787
122074720
128096902
103446340
120333172
120534745
123737360
148902183
177478418
180640681
44378146
44389079
44403524
44436428
72253866
37127115
41505498
69098009
70202124
106284632
106284705
72536124
72566732
74495411
74495450
74495490
77274432
81387433
103966577
103972433
103972901
104008258
105056516
138146450
141439182
142740464
164820806
170975346
172076922
178736259
180702229
183387357
166914027
104233685
104233904
112505535
91314389
91314475
102701404
65017383
65019083
65775585
65784316
61569769
90987897
49539457
73461095
73461345
73462040
73462081
73464497
107037848
107052016
107096311
108081443
108090567
55344375
55344403
55459648
57472382
64035436
64398369
68564600
143513423
65740702
66089382
52929118
53225980
152663493
133630745
150990171
156067893
179658257
55336437
132873489
110295530
110395615
110421652
110425194
110427363
110428545
110428631
110614033
110842302
111983155
111983218
111984570
111984658
112015481
112019662
112152030
112664845
112811549
85379223
85446885
92568467
92568807
92568815
92571599
92578025
92697555
92716049
92851290
93010628
91391115
91391687
91393323
91394284
91806724
91813490
91816689
91920580
91926552
137232526
137388841
137729928
137730392
139008935
139008954
66797337
61735335
61890252
86920543
87664773
104104371
104104517
67567807
68673471
69130847
69737403
70860228
71992058
73032958
73572814
74173387
74810591
76071692
82837329
83524646
83605025
83649370
83775678
83782007
83782443
84044733
84133553
84282335
84444953
84652329
84980739
105361373
67869647
67923759
68480875
68507996
68513196
68526604
68586749
68603859
68694837
68698353
68714544
68789261
68795125
68809899
68843449
68868313
68876414
68892595
68909716
68923193
68926646
68983004
69003883
69008623
69085435
69184012
98761171
98761711
98770938
98771403
98771408
98775919
98787359
156261811
88614498
93026456
108033410
108101206
117544748
153184385
153257450
163966370
156369116
156375806
95342986
43482917
52347396
52355844
69088095
69265427
88175869
88175943
46508794
46560740
46623928
133387308
180245123
111888776
112047291
112047344
109807428
110156798
94476063
95524325
102816785
177746056
111341965
111342069
107259419
133469437
109908243
109910325
112764679
112764783
112765159
112765319
112774632
112814169
81825215
81890173
81992322
82007416
82009408
82166891
82172117
82189481
82192184
82197616
82311916
82440826
82464439
82476499
82511004
82634864
82727376
82781321
82798559
140727544
67499520
67502345
88551921
82258832
82279883
82323866
82501543
153446841
103342915
115944052
80793930
80879699
80912436
80914440
80917948
80922667
80935467
173891491
149045809
147398329
148119556
150615632
108730366
83766360
83847318
88026239
86769975
134628250
108752104
108753150
108753339
108755628
108757161
108757838
108761040
108761658
108762390
108765888
109644350
109802944
109826559
109937593
109994702
93557101
94447764
114376173
114438026
133235868
180623156
137495379
159050032
176852309
85673439
86841929
87044276
87045299
90871144
92373164
114453925
114454529
114455093
114457577
114468072
114469869
114471332
114475762
114476280
117876987
114199361
114579793
115844541
116159856
116176749
116208054
116361083
116941745
116961290
119237466
122058458
137984018
138158044
138229608
138436672
138485320
139341452
156071144
93312409
93322892
141620081
141715573
141742731
141742848
141743045
141796983
142321729
119746831
119788255
119793365
119865394
119939578
120582372
137675281
140191564
166247411
180135518
80222783
141283068
112561418
109638912
109639722
109640246
109641810
109642220
109647024
109648731
109649079
109649898
109656742
109811096
110131681
83001022
76890066
76890292
76890306
76891815
76893788
76897745
76899128
76899243
76899349
76901494
76901720
76903003
76903461
76908162
76917014
76917356
76918229
76919119
76920527
76920742
76921509
76922831
76926336
76928812
76929625
76941297
76960537
76961832
76963773
76966248
76967579
76973178
76973346
76973421
76974277
76975962
76976787
76976975
76977362
123858255
68611635
109907038
109907294
109907335
109907434
109907481
109908725
109909898
109910641
109913908
109915744
109917749
109921875
109923401
109926740
109927155
109930014
109930137
109935087
109935762
109938187
109940378
109941256
109941466
109945742
109946610
109950580
110357410
110357446
110357521
110358168
112254375
114137262
111051465
111211029
114875005
88296612
81253143
81868971
81868982
84028666
99778106
101019168
102878606
103244589
103244697
104821318
104821382
104824637
104825784
83089661
83135636
51813315
67838120
68510248
68510683
70541202
80956354
67026398
67076900
67421358
67596597
67819501
68127005
72199823
72200416
72203020
49272921
49280249
49983016
90439227
90449809
91468924
91469033
91638565
91685190
91803033
91909340
91938886
92105137
92208058
92276179
92443802
92644114
94620848
104425371
61815490
36672972
37907624
38038456
41491693
91480617
98986743
99024693
99660800
119737308
119743135
119747640
119753766
119969822
120029324
120060643
120100196
120490308
121497216
121615913
121857188
122751776
122834160
123015153
74008294
86761100
86769900
86798001
87400478
87659054
87671183
116413469
123250092
125421225
126117220
126144309
126957408
96180452
107002305
64493329
110750044
110752347
117708268
118961466
118962294
118962594
118962646
118962693
118983817
118984234
119581895
119605157
119639532
119684888
119695191
119775435
119815207
119839306
120086882
120200115
121009762
73830108
73830173
74056340
74226764
74700410
75770747
77253639
77312073
110992992
115791204
116676816
118967137
119215780
84222686
84223470
84227723
84235388
84236421
84238978
84240243
84244648
84252788
84335727
84337125
84344228
84347365
81691457
81800523
81808552
82016202
82398057
82415778
82435521
82435533
82436512
82436681
82445414
82448782
82457991
82461650
82462030
82465534
82466370
82470070
82470101
82471334
82475301
82479437
82483928
82487982
82495011
82495765
82495788
82504062
82510490
82542902
82544190
82835532
83076539
43703393
53852270
80887351
109069104
109127792
109130066
106891714
106891816
78019482
150544829
150545218
150546896
150279575
150332394
150341874
150742029
91794782
91919753
91920294
133786765
146854419
157711758
65644376
65862233
67464688
79336861
102562415
60801050
60801076
41827545
44821108
92722909
94310459
75981862
146832084
115294409
115414895
139562487
145165822
145548940
145552675
145554498
145555297
145555952
145565573
145569154
145600877
145603125
50210142
50217786
125906064
133795125
141089011
48456827
49220557
49786641
50026416
50950053
51079893
51365514
105427589
106671934
142113180
142520262
143486848
151826700
158156977
149970231
149970253
115179923
115489720
99130777
64711858
64712247
111755227
127677052
131130520
133931582
75110373
92658496
77658108
93760279
93764037
93764118
39997058
40007788
40337589
41013777
41837192
52577923
71515474
76115258
79728395
79728459
132285390
59943421
60055842
74324741
77634999
64153805
64195101
64214231
64246432
51084010
51087726
51088125
51101492
51106338
51112874
51123655
51129005
51133623
51141622
51152354
51153891
51155884
51161809
51171451
51180400
51181871
51185603
51185664
51186175
51202903
51207871
51643217
51643298
51643506
51643679
52300398
52796883
52812418
52945217
88004944
89646375
92470451
92664196
94220685
109991264
48270838
49026669
55140968
57284728
57313506
68634701
73591282
103876858
81021899
83107217
45222469
45224944
45679059
50658392
57284881
56947394
64553045
70155388
116937589
165856215
84765469
105620748
105620824
112503487
57700416
57832338
57879753
57886188
57886253
57904112
57961654
59063527
70953426
85855852
85855994
85867420
85869236
86586632
86588492
86589848
92038338
93915034
106634162
109209740
123144137
138181338
39375830
147954081
156457870
161538058
124263470
124263791
124548524
125555658
125555788
125555920
133116946
133116995
133117045
134148541
134148574
142168412
142171927
142172487
142173307
142174413
142176905
142407363
142407742
142580524
142584908
142585012
142590647
142591151
142594414
142650850
142841978
143447638
136127113
136128883
169715770
130195871
131118504
155668842
63149150
63175675
63176677
63183159
63183256
63183437
63184238
60685429
60714615
61438574
61500058
62225213
62252177
63114614
134841337
137679170
138035334
149536513
86918910
78515005
78515058
150751360
44745801
45592033
46975559
63896444
123477731
125483549
117037228
117040062
117092864
117094598
117095302
117101694
117107615
117108567
117122655
117313241
117315275
121772710
47170103
49903537
61565008
66521561
48587827
143263064
143571215
143571471
143943467
143943659
143944498
145179532
153243424
85975919
87703777
153449046
68489025
68496648
68504338
68510436
68512207
68551367
68552010
68553468
68562755
68596149
68601501
68620268
68632358
68650397
68669955
68674739
68680488
68705729
68717658
68734534
68746746
68755269
68792040
68921378
70452937
70524442
70947496
144775573
144811314
134101603
134137863
150335591
159162115
172594187
181385840
132722268
132729610
132731375
133076163
133287584
99814508
72899174
72904031
72911987
72915699
72920115
72963583
72965879
72967203
72992121
72994897
73064159
51006902
51551120
51885883
51892769
51931457
52027846
52055060
53096319
113888341
49450536
66256081
48784347
51816402
60215467
62237407
62237445
62347796
62347850
62347914
62347967
98268646
98991086
89095337
89097259
89097271
89100433
89100815
89104657
89105511
89106933
89111096
89113278
89137864
54014571
54014930
54015881
54918333
54919237
54919238
54933858
59981436
140245931
72523530
72525550
72564428
72619923
72740743
73092066
74427928
74530482
77604432
81871982
99557236
177055535
71232849
71990885
88842188
96224597
96224687
42532198
51968563
52555220
52770852
52770887
113778473
167821141
151408567
152530647
152819521
153603028
153603037
153603084
154457513
124931323
125977700
125977844
115913419
85646387
85688262
85945688
114789983
150509441
181647345
77548645
77697910
80496859
82642805
120162974
120566895
122889798
114194297
142816451
142923390
128642930
140565195
150292001
99905035
123816647
