101152002
59245777
68030916
34710262
99698347
58529001
104958291
84731701
54289436
110060536
86613376
84730114
114707137
107521157
52005658
54917877
124227686
111220882
39872076
50717103
88561379
126440554
54599652
101546769
120016264
64083823
71877630
36474669
102366652
99657968
80763634
102995045
81825733
87883938
104221968
56739666
126970348
58113529
86970038
67005281
35842122
98468953
104432414
85781127
54374375
113032479
90278768
127186133
122323065
76066409
118256448
106469572
54409989
102584812
61269205
109479806
124763618
123090204
106224971
93549493
104875840
126484540
38479395
102966912
46924505
101221156
125129429
101735222
104960916
37097566
120726159
98607573
107379975
106851947
99848619
71295060
121065885
126497803
98388039
76980581
50517664
52436649
58624417
48106061
107261833
121313682
106625670
107771809
120340699
103951104
44636975
125728318
110436344
120006748
123872303
42245952
120920657
93082544
52011522
120871281
46284938
43487353
97930623
81898931
34670920
71513961
108411158
38666789
95142522
71457531
102610821
110111439
120454360
35725065
125031705
34892014
41143325
123420366
83364030
118957379
104649616
42257677
57835775
35822298
50525654
119915381
125305727
38825853
122260800
46379340
41514265
42087571
121525609
104431118
81802988
101437196
50285276
124980193
44261163
41142620
124080998
121873474
58390089
118957378
103874279
119335747
126536638
105948317
98324794
117566269
119533505
37719904
68871169
54674532
87686531
117566262
105556727
125910011
125909679
123003656
121111715
46409252
109446195
125167080
81507246
123045502
106459146
82256773
107382106
108674092
98602690
126232687
90770458
102043998
112089964
63768852
106555754
117908298
115624601
49496077
32237029
91456731
37168948
49397584
88255092
105598822
75962377
37219836
50453332
61978040
68814301
85612494
55090934
69121491
74930645
86675765
91336063
91941864
91108478
102801653
72051717
68189835
98234545
89024587
102378368
86321531
61852485
89740461
44629785
87461320
123554560
98814006
71269435
69623993
62826027
63252648
125697759
89706880
57841920
86710350
83219220
70204579
48327682
62281397
73858753
54634175
51128074
85648984
122412243
33250822
109791725
38411123
64899884
105232603
48418604
108926145
78969523
35076642
34935289
37755293
71200369
38318541
47501700
87205602
98890389
67354798
95029886
90959195
86618882
68755431
44242218
47077826
43954214
58017354
92827500
55121009
37781432
106649473
58355808
72942294
40234392
79121354
84877691
82516739
81861798
56910303
76239937
58420691
64112831
50566488
51820194
89320465
78412047
52475570
96879743
81749069
43602155
79792361
111490964
124161381
52267559
59261690
95223100
85978025
102055297
34055489
115317042
40168575
126371019
96730252
94108838
110794746
94253878
88037552
106947931
97122699
63974629
73680177
97615714
104170783
77148445
62640811
99104676
84856641
38535291
101457615
96084687
48606920
61918628
73846473
66149063
91475677
79643338
121110738
89518334
75960148
112476767
56296779
42697881
61623581
57169408
109429847
98308119
38578237
86055904
64343986
59680632
57657131
60183512
57154553
45924845
67596954
41144644
62593478
36543912
55154560
49209748
49699742
47089790
86791202
69640666
97419905
43196272
41706463
92845472
82736457
54529584
79153844
71682763
54443688
46034573
83658991
84044164
86906899
83789511
43450846
97162572
82804793
101082514
37907987
71048556
36293207
36863837
55862383
43354627
48582197
111148053
63975203
43193026
36227118
63182656
87751673
41952504
50783878
62677094
87719419
85445112
47457168
85051725
82520331
41548923
39885630
92516261
69118916
39070549
84729752
88318915
82784134
57322480
39637970
64196528
96861860
86609917
47693179
35639596
53385312
37001860
73168488
95585327
39672382
93029541
70595896
101478783
55305721
92703346
85788764
48377625
76755841
56212930
56463401
42063194
87119599
80739696
119317406
52701874
50668652
39430504
41081426
69890886
63251390
32561867
41210769
66127767
35171395
53669593
55299420
46041959
52948275
92462020
38745146
81962083
82974331
57803210
35293319
57736827
88291328
84487394
95764399
84116685
54263134
57085146
72941379
45117043
80045079
63546692
50620227
64649701
94986825
94055459
35149612
37817996
56788474
32111101
54494693
86577298
56995175
82507865
70708512
84590369
72900835
81908552
51781713
49365246
41238462
57685101
81940722
45134585
51048237
118560908
52250427
43463461
52567590
73167718
45097217
78875717
67467753
70259795
72584855
40093682
113262727
52949281
49281653
68861112
81879404
53432582
53565123
62927693
88032390
93147998
94296832
41978249
115041295
76581527
37201533
54444573
39281859
56323954
70482263
91234957
89413628
75510257
87514905
87112779
41561809
89363450
64184727
116298775
53309339
64578655
113253431
82452929
94344407
82991177
63467789
101363872
123464130
121788759
87373124
65785151
68707189
88639397
50202595
74957748
58758372
93346134
113497705
67664676
88517621
92909685
96313014
93192572
74741583
109296625
97874087
62984307
116763244
89935751
91545274
89230731
63270216
60369128
93031997
53822124
89621035
90351710
69259684
62810439
80595118
42691392
78985294
51781897
65327764
42731453
63501331
97749384
32490109
53096074
41146230
72125604
48149280
32165317
79649678
55313798
68716267
94995833
56346347
76796047
87865932
50958522
89702255
93914434
56764777
56673766
90518617
66451057
64100642
64240923
43917043
37326111
44104778
63368702
88307773
82209691
61014467
90980784
97598908
54887308
70227465
106182798
52142802
38966379
105674838
35978623
61391619
59343983
96906579
94144288
91094747
41512810
102908960
105247043
107058222
40440620
80132920
124245130
94035340
60068695
80033734
51485372
58821028
59150828
34702630
40931843
73787759
50257625
108032263
48268456
58327023
51133812
42219632
69673798
73339945
38351190
54122982
83886007
63473292
38351335
46220524
68178399
59365076
85453247
46528431
67742968
72198901
114161390
86834013
99247329
113969512
34230065
121661016
127329867
101342794
112068022
74832358
50425705
48762078
109961962
52973492
113675850
68646489
61566310
124615153
38102400
100902401
95207864
65960188
39714138
39230699
39497131
118480285
67689172
126880235
54116113
119451600
108744486
90959739
80521250
57002990
41683895
41137229
52591089
40827671
38619237
43307232
57679165
70890817
41352893
40796767
48219233
114787477
56989211
73272284
54578263
36464625
39170920
103527013
79108577
125435615
91855235
93520107
67718997
93681147
57933551
60847172
98220428
92615599
117982303
101073228
80732931
