100902401
101073228
101082514
101152002
101221156
101342794
101363872
101437196
101457615
101478783
101546769
101735222
102043998
102055297
102366652
102378368
102584812
102610821
102801653
102908960
102966912
102995045
103527013
103874279
103951104
104170783
104221968
104431118
104432414
104649616
104875840
104958291
104960916
105232603
105247043
105556727
105598822
105674838
105948317
106182798
106224971
106459146
106469572
106555754
106625670
106649473
106851947
106947931
107058222
107261833
107379975
107382106
107521157
107771809
108032263
108411158
108674092
108744486
108926145
109296625
109429847
109446195
109479806
109791725
109961962
110060536
110111439
110436344
110794746
111148053
111220882
111490964
112068022
112089964
112476767
113032479
113253431
113262727
113497705
113675850
113969512
114161390
114707137
114787477
115041295
115317042
115624601
116298775
116763244
117566262
117566269
117908298
117982303
118256448
118480285
118560908
118957378
118957379
119317406
119335747
119451600
119533505
119915381
120006748
120016264
120340699
120454360
120726159
120871281
120920657
121065885
121110738
121111715
121313682
121525609
121661016
121788759
121873474
122260800
122323065
122412243
123003656
123045502
123090204
123420366
123464130
123554560
123872303
124080998
124161381
124227686
124245130
124615153
124763618
124980193
125031705
125129429
125167080
125305727
125435615
125697759
125728318
125909679
125910011
126232687
126371019
126440554
126484540
126497803
126536638
126880235
126970348
127186133
127329867
32111101
32165317
32237029
32490109
32561867
33250822
34055489
34230065
34670920
34702630
34710262
34892014
34935289
35076642
35149612
35171395
35293319
35639596
35725065
35822298
35842122
35978623
36227118
36293207
36464625
36474669
36543912
36863837
37001860
37097566
37168948
37201533
37219836
37326111
37719904
37755293
37781432
37817996
37907987
38102400
38318541
38351190
38351335
38411123
38479395
38535291
38578237
38619237
38666789
38745146
38825853
38966379
39070549
39170920
39230699
39281859
39430504
39497131
39637970
39672382
39714138
39872076
39885630
40093682
40168575
40234392
40440620
40796767
40827671
40931843
41081426
41137229
41142620
41143325
41144644
41146230
41210769
41238462
41352893
41512810
41514265
41548923
41561809
41683895
41706463
41952504
41978249
42063194
42087571
42219632
42245952
42257677
42691392
42697881
42731453
43193026
43196272
43307232
43354627
43450846
43463461
43487353
43602155
43917043
43954214
44104778
44242218
44261163
44629785
44636975
45097217
45117043
45134585
45924845
46034573
46041959
46220524
46284938
46379340
46409252
46528431
46924505
47077826
47089790
47457168
47501700
47693179
48106061
48149280
48219233
48268456
48327682
48377625
48418604
48582197
48606920
48762078
49209748
49281653
49365246
49397584
49496077
49699742
50202595
50257625
50285276
50425705
50453332
50517664
50525654
50566488
50620227
50668652
50717103
50783878
50958522
51048237
51128074
51133812
51485372
51781713
51781897
51820194
52005658
52011522
52142802
52250427
52267559
52436649
52475570
52567590
52591089
52701874
52948275
52949281
52973492
53096074
53309339
53385312
53432582
53565123
53669593
53822124
54116113
54122982
54263134
54289436
54374375
54409989
54443688
54444573
54494693
54529584
54578263
54599652
54634175
54674532
54887308
54917877
55090934
55121009
55154560
55299420
55305721
55313798
55862383
56212930
56296779
56323954
56346347
56463401
56673766
56739666
56764777
56788474
56910303
56989211
56995175
57002990
57085146
57154553
57169408
57322480
57657131
57679165
57685101
57736827
57803210
57835775
57841920
57933551
58017354
58113529
58327023
58355808
58390089
58420691
58529001
58624417
58758372
58821028
59150828
59245777
59261690
59343983
59365076
59680632
60068695
60183512
60369128
60847172
61014467
61269205
61391619
61566310
61623581
61852485
61918628
61978040
62281397
62593478
62640811
62677094
62810439
62826027
62927693
62984307
63182656
63251390
63252648
63270216
63368702
63467789
63473292
63501331
63546692
63768852
63974629
63975203
64083823
64100642
64112831
64184727
64196528
64240923
64343986
64578655
64649701
64899884
65327764
65785151
65960188
66127767
66149063
66451057
67005281
67354798
67467753
67596954
67664676
67689172
67718997
67742968
68030916
68178399
68189835
68646489
68707189
68716267
68755431
68814301
68861112
68871169
69118916
69121491
69259684
69623993
69640666
69673798
69890886
70204579
70227465
70259795
70482263
70595896
70708512
70890817
71048556
71200369
71269435
71295060
71457531
71513961
71682763
71877630
72051717
72125604
72198901
72584855
72900835
72941379
72942294
73167718
73168488
73272284
73339945
73680177
73787759
73846473
73858753
74741583
74832358
74930645
74957748
75510257
75960148
75962377
76066409
76239937
76581527
76755841
76796047
76980581
77148445
78412047
78875717
78969523
78985294
79108577
79121354
79153844
79643338
79649678
79792361
80033734
80045079
80132920
80521250
80595118
80732931
80739696
80763634
81507246
81749069
81802988
81825733
81861798
81879404
81898931
81908552
81940722
81962083
82209691
82256773
82452929
82507865
82516739
82520331
82736457
82784134
82804793
82974331
82991177
83219220
83364030
83658991
83789511
83886007
84044164
84116685
84487394
84590369
84729752
84730114
84731701
84856641
84877691
85051725
85445112
85453247
85612494
85648984
85781127
85788764
85978025
86055904
86321531
86577298
86609917
86613376
86618882
86675765
86710350
86791202
86834013
86906899
86970038
87112779
87119599
87205602
87373124
87461320
87514905
87686531
87719419
87751673
87865932
87883938
88032390
88037552
88255092
88291328
88307773
88318915
88517621
88561379
88639397
89024587
89230731
89320465
89363450
89413628
89518334
89621035
89702255
89706880
89740461
89935751
90278768
90351710
90518617
90770458
90959195
90959739
90980784
91094747
91108478
91234957
91336063
91456731
91475677
91545274
91855235
91941864
92462020
92516261
92615599
92703346
92827500
92845472
92909685
93029541
93031997
93082544
93147998
93192572
93346134
93520107
93549493
93681147
93914434
94035340
94055459
94108838
94144288
94253878
94296832
94344407
94986825
94995833
95029886
95142522
95207864
95223100
95585327
95764399
96084687
96313014
96730252
96861860
96879743
96906579
97122699
97162572
97419905
97598908
97615714
97749384
97874087
97930623
98220428
98234545
98308119
98324794
98388039
98468953
98602690
98607573
98814006
98890389
99104676
99247329
99657968
99698347
99848619
